# di(bins) in micrometers
000.010
000.012
000.014
000.016
000.018
000.022
000.024
000.028
000.032
000.036
000.042
000.046
000.056
000.060
000.074
000.078
000.096
000.104
000.126
000.136
000.164
000.180
000.214
000.238
000.280
000.312
000.366
000.412
000.478
000.542
000.626
000.712
000.820
000.934
001.076
001.226
001.410
001.610
001.848
002.114
002.424
002.774
003.178
003.640
004.170
004.774
005.470
006.264
007.176
008.218
009.414
010.780
012.350
014.142
016.202
018.552
021.256
024.338
027.884
031.930
036.580
041.888
047.988
054.954
062.952
072.094
082.586
094.580
108.340
124.080
142.126
162.780
186.452
213.548
244.602
280.150
320.886
367.526
420.962
482.150
552.250
