0.3819
0.3216
0.392
1.4472
0.2915
0.3417
0.2111
0.3417
0.7035
0.7236
0.2412
0.4121
0.6432
0.2312
8.6432
0.8241
0.2211
0.5327
0.5327
0.2613
0.4322
4.3216
0.2111
0.2312
0.6432
0.794
0.5628
0.2814
0.4221
0.3015
0.2513
3.7286
0.3618
0.3719
0.593
6.9547
1.2864
0.4623
0.402
11.206
5.5176
0.4523
0.2513
0.3518
0.6432
4.2613
7.2964
0.3518
0.5327
2.5728
0.2211
0.9045
1.8894
0.9146
6.804
0.3417
0.5126
0.4824
1.5678
1.206
0.2714
0.3116
0.2513
0.5126
61.085
0.4221
0.7638
2.2713
0.8342
0.3719
1.7387
0.4422
0.593
0.6633
0.3015
1.2161
1.2261
12.211
1.1457
2.6532
1.1759
0.5528
2.1407
7.9798
2.0502
0.2412
0.6131
2.6231
0.2513
1.4573
4.1909
0.7035
0.3819
0.6734
0.9347
1.6382
1.6583
29.437
3.6683
0.201
0.9648
0.2312
0.593
0.4623
0.4422
0.5226
0.7538
1.1055
15.216
66.1503
14.2713
1.3065
1.6281
0.9045
0.8543
0.402
0.4824
0.2211
6.2713
0.2312
2.8844
0.3116
0.2613
0.3216
0.5126
0.7035
0.7136
0.3015
30.1908
0.4422
10.8542
1.1256
1.1859
0.3417
0.3216
0.5528
1.6482
0.392
0.3317
0.2211
0.5126
1.4774
12.8642
0.402
0.3819
0.201
0.3317
0.2814
40.6229
15.1858
0.6734
3.7588
1.3668
0.6935
0.4221
4.9849
1.809
0.2312
0.5327
0.2412
1.4673
0.804
0.392
39.3063
0.9447
17.7587
0.4724
0.4623
0.4824
0.4824
0.2513
0.8342
1.0452
12.3818
0.6231
4.5326
0.2412
3.1357
0.9749
5.2964
1.7286
3.1156
1.005
0.2814
3.9196
2.7638
2.8744
0.7638
0.8442
0.2814
0.2814
0.2111
0.2714
3.2462
0.2513
3.2864
3.1558
1.3668
24.2612
0.5126
31.7586
0.8141
5.608
1.3065
2.9045
2.0603
0.4523
0.2211
1.4472
0.2211
0.201
0.4422
0.9749
1.0452
2.4824
0.8241
5.1457
1.407
1.809
0.2111
0.402
2.3517
1.4874
0.392
7.2763
0.9045
0.4623
37.4169
82.5623
1.2161
0.995
2.1608
4.5728
0.2211
2.3417
1.5879
0.5628
1.407
0.2111
0.7236
1.8291
25.3566
0.7739
23.2159
0.2613
0.2211
0.9548
14.1708
0.2312
0.794
35.5375
2.3517
0.4322
1.5176
1.1156
2.01
0.6633
0.3317
46.4017
0.5126
3.2261
21.0551
2.5829
0.2211
0.2513
0.8141
2.1708
5.7286
0.3618
1.6784
4.3919
0.201
0.6231
0.3417
0.3216
0.2714
0.5226
0.5729
3.4372
0.5226
0.5528
0.4724
0.7839
0.2714
3.2965
1.8191
1.5276
0.6131
2.1306
1.5578
1.809
0.2211
12.2713
0.9246
9.4572
0.4623
0.3518
5.6382
0.6533
1.5176
1.6181
0.8744
0.5025
0.3417
0.3819
0.8945
0.4422
0.3518
0.8844
1.6784
0.4623
0.6533
0.5628
3.6482
1.2965
5.1457
1.809
0.2111
2.3517
1.005
1.6683
0.2513
0.2513
0.2111
0.8643
6.6834
16.6029
19.1155
23.7687
2.0603
0.9447
0.3618
0.4121
26.4621
0.9246
1.2864
0.2312
0.3317
2.5929
0.3015
0.5126
0.2412
0.3417
0.3417
0.7136
0.8342
0.8241
2.3316
0.5427
3.0251
0.9648
0.3618
43.457
0.3015
0.6734
1.608
0.402
0.2513
28.3315
4.1206
0.6231
0.3417
0.3518
0.2915
0.9849
0.7538
0.392
0.9045
2.2211
0.2111
1.5276
0.5226
0.6633
1.005
0.3719
0.5528
0.392
0.8241
24.4521
0.4322
56.3715
0.4121
1.7487
10.6431
0.3518
1.1759
0.2915
3.6784
0.2915
4.6231
0.5226
0.4121
1.4774
0.6231
0.5126
3.2965
0.3216
1.5276
0.5226
0.6131
0.2714
0.8643
1.6884
0.6432
7.8291
0.7839
1.3367
3.8794
1.9296
0.3216
0.794
1.6583
49.5072
1.3568
0.3618
0.201
45.5575
0.2513
1.2362
0.2915
1.4171
0.6332
1.799
1.3769
36.643
0.2915
0.4422
0.804
1.6683
8.0402
0.5427
0.3216
16.9949
0.5729
0.3216
18.4521
0.5226
0.201
0.6332
1.2362
0.2915
1.1055
1.1457
13.7788
0.392
0.5226
1.5578
0.7839
0.9648
0.2915
8.8442
0.2915
0.3417
17.6582
0.9146
1.3769
1.9397
0.3116
1.3166
1.5075
11.407
0.3116
0.2412
0.2211
0.2814
0.2915
0.603
1.206
2.5628
0.2814
39.4168
0.4623
0.7437
0.3719
0.3216
22.0401
0.4623
0.201
5.6382
0.7437
0.6231
0.2211
0.3216
0.6734
1.4673
0.3116
3.3769
2.3718
21.4069
1.005
1.3568
20.8541
0.2915
0.3618
6.1105
1.1156
0.3216
0.2211
0.5126
1.2563
0.6231
0.2211
1.4874
0.392
0.2412
0.5427
3.7588
5.3869
0.3719
7.4673
1.9598
0.2814
0.6432
0.2111
0.9648
0.2613
0.392
0.8643
0.2211
0.8844
0.3719
0.8141
0.995
0.593
0.6432
0.5226
0.2513
0.9447
0.201
1.8492
4.1507
2.1206
5.3165
5.6784
0.2714
0.3015
0.5528
0.4824
0.2312
69.5574
0.5025
0.3317
0.2814
0.5829
0.201
0.6231
3.1357
0.2714
0.4322
0.9246
0.6432
0.4422
1.2161
0.3417
0.2714
0.5126
0.392
40.8741
1.3467
0.6633
0.2312
0.3819
5.1155
0.2111
1.7387
0.2412
0.201
41.3364
0.6432
12.1607
0.2814
0.6231
0.3719
1.2462
0.6231
0.4824
0.804
0.3216
0.2613
0.4623
2.4221
0.9648
0.2613
2.603
1.1859
0.2111
0.5427
3.0955
3.3467
0.5126
4.1809
0.6834
0.2111
0.6432
0.6834
0.3819
0.9648
1.0653
0.7739
0.4523
0.4221
1.7387
1.3266
0.2211
0.3518
1.598
0.4322
2.3015
0.2714
0.3317
1.3769
0.5226
32.4822
2.412
0.8643
1.3266
0.5528
0.7839
1.0151
0.2412
0.2412
2.6734
4.7236
1.5779
0.8945
0.2412
1.5377
0.5226
0.2111
0.402
2.402
0.9548
1.5678
0.2513
0.201
0.9447
48.3716
0.9045
0.3819
0.2312
0.5829
0.3417
0.9548
16.7135
1.1256
0.3015
2.1206
0.9045
0.5528
0.2111
26.4822
0.3015
5.1256
22.4622
0.8543
15.8089
12.9044
1.0754
0.2111
0.2714
0.4623
0.4322
3.8492
8.3718
46.5424
0.4824
0.593
12.9547
0.2312
0.2714
0.2714
0.9849
0.7136
0.2513
0.5126
23.1757
25.2059
1.3266
0.201
0.4422
4.814
1.9598
0.5427
0.2412
4.4422
0.8844
2.402
0.3618
45.7686
0.2111
1.3668
1.3166
0.3317
4.1608
1.7487
1.3668
0.5829
0.3518
0.392
0.3116
2.5427
0.3518
0.4925
3.3668
0.4422
0.5327
0.593
2.1206
2.3015
1.0553
0.2714
0.5528
4.9145
30.6229
3.4573
0.4322
0.4221
0.5729
13.8793
0.5327
0.3819
0.7638
1.3668
3.6884
1.2965
0.4523
6.7839
0.2613
1.2663
0.5427
3.5879
1.6683
1.8693
38.3214
34.4319
2.8643
0.5427
0.8643
0.7437
5.0954
0.3417
1.4472
2.3819
9.3768
3.7286
15.5376
50.8439
0.3417
0.6432
0.5628
3.6281
0.3819
0.8342
0.8241
1.0251
1.5276
3.809
1.5477
3.5377
1.1156
0.2211
0.4121
37.4973
0.3116
0.4925
0.7136
0.6834
1.0151
0.3116
0.4623
5.0954
0.3618
0.5729
0.3819
2.1809
1.9397
0.5829
1.9799
0.5528
9.7587
0.7638
0.9045
1.3266
1.2764
0.3719
2.0804
2.1407
3.799
13.3265
14.6833
6.9949
2.1105
0.6935
1.206
0.8342
0.4422
1.3367
0.9045
0.2211
19.7486
0.3216
1.2462
0.3015
3.206
16.7637
0.2814
0.593
0.7739
0.2613
23.8591
1.608
1.0151
0.794
27.427
6.8442
18.2612
0.402
2.0904
0.5729
1.1256
1.1256
0.6533
0.2513
0.6432
0.4422
1.0553
54.7132
3.8894
0.3417
7.5075
0.392
0.4824
9.618
0.3015
4.0804
1.0352
0.2714
0.4422
0.4121
1.809
18.02
2.4623
12.4924
2.4422
1.4673
0.7337
0.2412
0.5729
0.6533
0.4322
0.6935
0.4221
1.1357
0.2211
0.8643
1.1357
1.3568
0.3819
7.2261
0.3618
5.4673
13.6381
0.2111
11.2864
17.7285
0.2513
0.2211
10.0904
2.9849
1.4573
0.4221
0.392
0.3518
0.2312
0.9246
0.2714
0.4422
1.0653
6.7839
0.3417
0.8141
6.4924
2.7538
50.472
5.9598
1.7387
4.7437
0.5025
0.7136
0.2111
2.402
0.392
2.5226
1.4271
1.9598
1.2462
0.7236
0.804
0.4221
3.7487
7.7085
21.5376
3.2161
0.5528
11.2562
4.1608
0.5628
0.2814
5.5678
0.3116
1.1156
4.1105
0.6834
0.4221
0.995
1.2764
0.2312
0.5226
0.9548
0.392
0.2613
1.0955
0.2412
2.412
0.2412
0.2111
0.9447
0.2211
0.3417
0.3317
0.2111
1.1055
0.7035
16.824
1.5578
0.2111
1.0754
0.2814
1.2563
0.3116
2.1206
2.0502
0.995
0.2613
0.8744
0.2613
0.5628
0.3015
98.1903
14.211
0.3618
6.2211
9.5778
0.593
0.201
18.6632
0.6734
1.6181
0.6834
1.3668
0.8945
0.4824
0.201
0.5025
1.0151
0.5327
0.6734
2.0703
32.8641
0.3417
1.0854
9.1155
1.5879
0.4724
4.8743
2.201
0.2915
5.6482
0.794
1.0151
1.1055
0.3116
0.4221
0.5126
0.3015
0.4724
0.4523
0.804
5.7387
3.6884
42.3515
1.799
1.7186
0.6633
0.3317
27.0451
0.7839
0.4724
79.6879
0.3015
0.3618
0.3719
49.3062
0.5427
0.2915
1.2965
0.402
2.9849
0.5628
31.3968
0.5427
0.2513
20.9647
0.4523
1.8894
0.2312
7.8793
0.4623
0.8241
3.6181
1.1859
0.6834
2.0402
15.5275
0.2915
0.9749
7.9396
0.2412
3.8191
0.3518
7.8994
2.3618
0.2111
0.4523
0.4221
0.5729
0.2814
1.8291
36.2711
0.9849
7.6482
0.4422
0.402
1.2563
1.5879
1.3568
1.0352
2.7739
0.3819
0.402
0.2915
93.5874
0.2412
0.7236
1.0352
0.6332
0.5327
0.3719
0.3317
0.3216
0.3618
3.9196
0.2412
2.8241
1.1357
0.2714
0.2312
0.2915
1.206
2.9749
7.1859
5.1658
56.6328
2.2713
0.3518
1.5075
0.8744
24.6029
0.7638
23.0953
0.9246
0.5226
0.2714
27.5074
27.7084
0.4724
5.2361
0.6533
5.2361
0.7538
1.2864
0.2613
0.9045
7.608
3.7186
23.6481
0.2513
10.7939
1.5879
1.407
7.6884
0.804
21.7888
5.9397
6.1407
0.3819
0.4824
1.2161
12.1909
13.1758
26.5526
0.794
1.3769
0.4422
11.4472
2.1105
0.7337
0.3417
1.6583
7.0753
0.3116
1.8794
1.0151
0.3618
12.1004
169.7678
0.603
4.211
1.0352
17.3165
19.6582
0.8342
2.5527
16.0803
0.4623
1.7085
0.4623
29.4672
20.9747
32.9244
0.2211
0.5025
1.6181
1.1357
0.2211
1.1759
1.6583
1.206
4.9346
0.402
1.5176
0.5226
0.5226
0.2211
7.0552
1.1558
0.5025
0.603
0.5226
0.3317
0.3015
0.392
0.6131
0.794
0.6935
0.9246
1.3266
1.5578
0.4925
4.5226
3.0452
0.4724
4.1507
3.3568
0.6432
0.9648
3.7387
5.6181
0.4623
0.392
0.2111
0.392
2.7739
0.2915
0.3216
0.2312
0.9347
0.2111
0.2613
0.4523
3.397
2.1708
0.3015
0.5729
0.4724
0.3618
7.2964
4.2512
5.8894
0.4422
54.4419
0.6834
9.3266
2.3618
0.2915
1.3769
0.794
0.4121
6.6733
2.5125
0.3015
13.1255
1.0352
0.2412
0.4221
0.5427
0.2714
0.6935
0.6935
0.2412
0.2111
3.407
0.2312
0.402
0.2613
0.4221
1.0854
0.4724
2.1608
4.1507
4.8743
1.5377
1.3568
10.6934
0.3518
0.5226
0.2613
0.2111
1.1357
0.7839
2.3417
0.5025
0.9749
1.4874
0.3317
0.7839
0.2814
11.7587
0.3518
8.0804
1.1859
0.3216
0.402
1.1859
2.3517
27.3265
0.3518
1.196
0.2814
0.5829
10.2311
1.2462
2.3316
0.2814
0.4623
0.5729
0.4724
0.9146
0.3719
10.3416
0.2211
0.4523
0.4422
10.8743
3.2462
59.276
0.5126
5.0854
1.6985
0.8342
0.9548
1.4573
0.8744
0.2111
4.2914
4.804
0.201
0.9648
1.3668
1.0754
0.201
0.3819
0.5126
0.2814
2.0502
0.6131
2.8744
0.2312
30.432
14.7336
2.8945
0.5829
0.8744
0.7035
0.4925
2.0201
0.2513
0.2412
1.7889
0.2312
5.9899
0.2613
1.3266
7.8894
26.7033
0.9548
0.9347
1.397
1.608
1.8894
0.4422
1.3568
0.2814
0.5528
2.0402
0.2111
0.3719
0.9548
0.4221
1.3668
0.6935
5.5377
0.3819
0.3719
0.593
0.2814
25.3466
1.2362
0.2412
0.201
0.3216
0.3015
0.4623
0.9648
0.6935
2.201
0.603
0.201
0.3719
0.3015
0.4221
0.5628
0.2111
1.5578
16.7838
2.2713
11.0552
1.1457
0.2613
0.3116
11.8793
3.6884
0.7236
0.3518
0.392
0.201
21.5275
0.4623
0.9045
2.1909
1.3869
0.4121
4.6934
0.4121
0.5628
0.5829
0.5226
0.4322
8.2814
2.6331
0.4824
0.2111
0.2814
0.3116
0.6734
0.3116
0.6633
2
0.7839
0.2211
0.5327
9.2361
5.5176
5.3366
0.2513
29.9496
3.5578
0.7638
0.4824
1.3266
0.4322
3.799
18.1305
0.2613
0.995
1.5879
1.3568
0.402
0.3819
0.7136
0.7638
1.7688
0.4322
2.412
3.8191
0.2412
0.2814
3.6884
9.7286
0.5729
2.0703
3.5678
0.3819
0.2111
0.2111
0.2312
0.2714
0.9648
5.6482
9.3467
0.4724
38.7535
13.4572
0.3116
1.2462
0.7337
0.5126
0.4221
0.3819
48.7635
1.3869
3.7588
0.4925
0.2312
4.2311
3.1658
0.5025
0.2613
0.3015
6.1909
42.2108
7.819
21.1456
14.5024
4.2914
5.1155
0.4422
0.8141
1.005
0.4121
2.794
0.7035
3.8894
25.0451
0.5829
10.7035
0.2513
2.2814
1.005
19.7285
0.4824
2.0904
0.2412
1.005
2.9648
0.3417
1.2261
2.5728
0.8241
0.6834
38.2209
5.407
19.6481
1.5075
0.3216
1.1658
3.3467
1.4774
6.603
1.2462
0.201
0.6734
2.2211
11.7889
0.201
0.4523
0.7638
0.7538
2.201
3.9397
0.3618
0.2211
2.0904
0.5226
0.5226
0.2814
0.2312
0.2412
1.5578
1.4271
0.3216
1.809
17.3064
25.2963
0.3417
4.2211
0.2915
14.5929
1.4573
0.4824
0.5528
0.3317
0.3417
0.3518
0.5829
0.5628
0.9246
1.2563
3.4372
19.015
10.5125
0.4322
0.804
20.4923
0.7236
5.1457
13.8894
0.7035
5.7588
15.0853
0.2613
0.5628
0.3116
0.3719
0.201
1.0553
11.0452
2.613
0.2513
0.392
1.1558
10.5426
0.2915
0.5025
0.8844
0.3719
3.7487
0.6231
24.9144
0.9849
22.0501
0.4523
0.2513
4.7537
0.2312
0.8342
1.6482
0.4322
0.7437
8.3517
0.7035
0.402
2.3115
17.6883
1.1859
0.3417
13.4673
0.3819
0.5427
1.7186
0.4724
0.3518
12.2914
6.8341
0.3317
1.0352
0.4824
0.9246
30.8943
0.5126
0.9146
30.0099
0.201
0.8342
0.2513
23.7988
0.402
45.5776
0.4422
0.7437
1.1759
0.3417
12.1507
0.2513
1.7889
1.1156
0.593
4.7537
1.0251
0.201
0.2111
0.402
0.7839
22.3416
0.2312
1.2362
4.2613
0.2513
0.7236
0.4523
4.4221
0.6834
0.2211
0.8945
0.6834
0.5729
0.3015
1.0452
0.2211
0.3216
0.2211
2.2914
1.6683
0.392
2.1608
0.3015
0.3116
0.3719
0.5729
2.0502
1.2663
2.9447
0.8643
0.7437
1.9095
5.8392
0.6231
0.4322
0.5126
2.3819
0.5226
1.3266
0.3317
1.9397
0.201
0.995
1.407
0.7638
0.5628
3.1256
0.3518
0.7136
6.0603
0.7236
0.3618
0.6633
0.4221
1.1357
1.5678
35.839
4.402
0.201
0.8945
0.3417
1.3367
0.3116
0.2312
0.7236
0.794
0.9849
0.4121
12.2713
0.2211
0.2412
15.9094
20.0602
1.5879
0.3417
0.6935
5.8995
4.5728
1.3266
0.2915
0.9749
6.5025
1.1055
0.794
2.1206
0.2211
28.0802
0.9849
0.3116
0.4724
0.3015
0.201
2.3216
0.201
0.6834
55.6579
0.2211
0.8643
0.4121
0.7638
5.4774
1.0251
0.201
0.3216
5.0653
0.402
16.8441
1.005
3.2261
36.1405
21.035
5.0452
0.5628
0.8744
0.5427
0.2915
1.2965
1.5779
0.4724
1.0754
0.392
0.3317
0.6734
1.9397
1.5176
1.4472
0.3719
0.6131
1.0854
8.3718
0.3417
0.3116
0.4322
0.2312
35.7184
12.7235
0.201
2.1105
1.2864
0.4724
0.8543
3.8794
12.0703
0.3819
34.4822
0.7739
1.4774
2.7739
2.3316
0.3417
0.2915
0.2312
1.0251
13.7889
0.3518
7.005
1.6382
9.0251
0.7337
0.392
2.7638
3.3769
28.1104
0.6432
16.0904
4.7336
0.9347
0.8442
2.8744
5.6683
0.4523
0.3518
4.2914
4.5527
10.221
1.7487
0.794
3.3266
0.3317
0.4422
0.2513
0.3518
0.8241
0.2714
0.6131
4.8341
1.196
2.1909
6.3417
0.6432
1.1357
0.4523
2.5527
0.2714
3.2261
1.8593
14.9245
1.3266
2.1206
2.1809
3.0251
1.2261
3.397
0.794
0.6231
1.4975
15.0451
0.3417
0.2513
21.5376
1.4874
15.0049
0.7337
2.5527
0.8744
0.3518
0.3518
1.1457
0.2613
0.8543
18.7939
8.3819
9.9999
0.201
3.1457
0.794
0.593
1.4372
0.8945
0.2915
0.8141
0.4121
0.5226
1.2161
0.9648
0.2915
0.3116
3.005
1.7487
0.3116
0.2111
0.402
0.7236
0.3518
0.2312
29.5476
4.5527
32.4119
0.3216
0.2613
1.2161
1.8693
0.3417
0.4523
0.8543
0.4322
1.3065
0.3518
0.6432
0.3216
0.7337
2.5929
95.6778
0.5226
0.2613
2.0502
0.6533
0.804
25.4672
0.2312
2.4522
0.593
31.9294
1.0452
0.2915
0.8744
0.5628
2.3819
0.2814
0.6332
4.3417
2.3919
0.9447
1.3769
1.3166
8.5125
0.7638
12.3718
1.1055
1.4774
0.4925
0.2111
0.2211
0.3819
1.9397
0.3015
0.3116
7.2964
0.4623
0.4824
1.1859
0.2111
39.4671
1.397
2.995
0.3317
0.3819
3.4975
0.4322
0.4221
0.5528
0.5729
0.3719
19.9597
0.3417
3.4472
8.6432
6.1909
2.5326
0.9749
0.3618
0.593
1.7085
0.402
0.392
0.6332
81.9593
0.3116
2.5527
8.5326
0.392
1.9598
50.3414
0.8643
0.8442
1.5075
0.4121
0.2312
40.9043
16.211
0.2412
1.2362
1.5176
9.005
1.9899
56.5524
3.4975
0.3417
10.7437
0.5126
0.603
0.201
0.9849
6.2211
0.6231
14.5125
0.2412
0.3216
10.5527
13.1054
0.2312
1.4171
0.7739
0.4523
0.3015
1.8191
1.9095
0.9749
10.9648
0.4724
0.6131
0.2814
0.4221
0.9347
0.2915
0.3015
0.5327
0.2312
0.5226
0.3719
0.392
1.4472
2.1608
0.6935
0.9749
0.8241
0.3116
0.8945
0.4422
0.6231
0.6533
0.8442
1.2764
1.1357
0.2211
0.2111
1.7789
17.0552
0.392
0.5628
0.804
0.7337
0.603
2.5829
0.4121
0.6834
0.4724
0.2513
0.9447
2.0502
0.2111
3.4472
0.8543
0.2915
1.3869
0.6633
0.8643
23.4069
0.5829
0.2312
29.7787
6.6633
0.603
0.2412
0.3819
0.2111
5.6985
0.3819
0.2211
0.5226
0.6633
0.2412
1.7085
1.4774
0.2513
13.1456
1.196
3.5578
1.2563
18.3114
0.6533
0.3015
0.5829
1.3367
0.3116
0.3317
0.8141
1.0151
1.4271
0.5528
3.809
0.3719
0.4221
0.7337
0.3216
0.2211
3.5377
0.3417
0.5226
0.5628
42.844
4.4321
0.392
1.1357
0.804
0.2513
0.5427
56.6328
0.7638
11.3165
89.7381
2.1407
2.9648
0.201
4.0502
0.7236
0.2714
0.4925
1.2864
0.3216
5.0552
0.2211
0.201
0.2714
0.3618
0.2312
2.201
0.7337
22.824
0.5126
0.392
0.7739
0.5226
0.8141
2.8342
0.2613
4.4321
0.6935
0.6131
0.2111
1.2261
0.5829
0.6332
0.6332
3.5377
0.7638
0.804
0.9648
0.2513
0.603
1.5678
0.2412
0.3719
0.6834
0.2613
0.392
0.5628
0.4824
0.8141
4.4824
1.9799
0.3317
1.407
1.4271
2.6935
0.6533
2.9447
0.2714
0.603
0.7236
0.4221
0.5528
0.4824
0.2714
2.8442
5.9397
0.9146
0.2111
0.3116
1.0251
0.4221
1.2261
0.392
0.4322
0.4925
1.0151
2.2613
0.7236
38.2912
3.5578
0.7638
5.3668
0.2111
0.6432
0.5628
1.1156
7.7889
0.4623
0.4121
0.2915
0.2412
1.4271
1.8794
0.6633
0.3116
0.2915
0.4322
0.8844
0.2312
0.9648
2.5728
1.1759
6.6231
0.6131
81.0447
0.7236
0.201
1.2864
0.3719
0.3015
0.6533
0.402
0.201
0.2613
0.3417
13.0652
1.1457
1.3869
0.2714
6.4723
15.015
0.8342
0.6231
0.6935
0.603
0.3015
0.6131
2.1708
0.201
0.3317
0.201
0.2714
0.5528
4.7035
0.5126
3.3367
2.0201
2.3718
0.5025
0.2312
0.6332
0.4121
5.6683
0.3719
0.8342
0.3719
0.2312
19.5577
0.2513
36.3817
0.2312
31.4872
17.8391
4.5427
0.3618
0.5025
0.9045
0.7337
18.9245
0.2513
0.2613
0.2513
5.3266
0.4925
9.9597
1.5477
0.4824
8.6834
54.6127
0.3719
23.8189
0.4221
0.8342
15.5376
0.2915
60.8338
4.4522
1.8894
5.2763
0.6935
0.5126
2.3517
0.4724
0.6734
0.2412
14.2914
0.2915
26.8943
0.6131
67.7282
1.3668
0.8342
1.6985
0.4221
1.2261
15.4773
5.216
0.3015
71.1151
0.995
2.4522
30.7234
0.5628
6.6733
0.3518
0.2312
0.5829
1.9799
0.2814
0.9849
0.6834
0.5427
0.9246
0.2814
0.4121
0.3518
0.6131
1.0251
0.5427
13.4371
0.201
0.4724
2.5226
1.3467
0.2814
2.3618
0.3719
0.5025
0.5829
0.6332
0.2513
0.2312
0.3518
0.2513
0.8342
0.2613
0.9749
0.4322
0.5025
3.1457
0.8844
0.5628
0.5126
1.0553
0.3719
24.3014
0.5427
0.3819
0.6834
0.402
0.3116
69.0146
0.2211
0.392
2.3015
0.4623
0.3719
0.6131
14.7838
0.4221
0.6332
10.1306
0.3819
0.2915
3.5578
0.402
1.5377
8.4422
2.0603
0.6935
0.3819
0.3015
0.5427
0.3618
0.4824
13.9698
31.4169
1.6784
0.2714
0.201
0.2211
0.5226
0.201
19.0552
1.799
1.6181
0.804
28.1305
0.8442
0.4322
0.4221
0.7035
0.7136
0.4925
0.3417
0.7538
0.2312
2.804
1.3568
0.6834
13.4874
0.4623
32.3013
0.2312
0.3317
0.3015
0.3719
0.3116
0.2211
0.3216
0.7437
0.804
0.3015
13.407
0.6834
0.6131
0.5126
0.5226
0.5126
0.201
17.8089
9.5276
3.3266
1.1759
1.8291
0.5126
0.6131
0.402
1.196
0.2714
0.6633
0.4925
1.2161
0.2513
1.4171
0.4824
1.0452
0.2513
0.2111
9.1658
0.4824
5.3266
0.2111
0.3317
0.5628
0.402
0.201
4.5125
5.2864
0.6432
0.2714
0.7236
1.1457
0.6633
0.4824
0.603
3.5578
2.804
2.5326
0.201
0.2312
0.5126
0.3317
0.5427
0.2814
0.2211
0.2211
0.4221
0.4422
6.5125
0.3719
2.603
0.2915
0.3015
2.0904
0.4623
0.2412
0.3015
0.5628
2.6633
0.3819
0.5226
0.5327
0.5025
11.5276
0.2111
25.5978
0.402
0.3317
0.7437
0.9849
3.2563
0.2412
0.5528
7.3266
1.196
0.8643
0.5226
1.005
0.9045
0.2613
1.1759
0.5729
12.1306
25.6782
1.4975
0.2714
1.2965
0.6533
1.1859
0.392
0.3216
0.8442
11.5477
0.392
0.3819
40.4018
0.804
9.0351
0.4523
0.3015
11.9095
1.8593
0.5427
12.6431
7.3467
0.201
0.593
33.5576
9.407
0.3015
1.8291
0.2111
1.3668
0.5025
14.412
8.5628
0.8643
0.4724
0.3015
0.7337
0.2513
0.4523
0.5729
16.1507
21.4873
0.5327
0.6734
0.3216
0.2412
0.5628
2.2211
0.2111
0.3719
0.4322
4.5829
0.8141
21.8491
0.5226
0.3719
0.402
7.005
0.6533
0.5126
0.392
2.3115
0.6834
0.2613
1.2462
0.2211
37.8691
2.2613
70.0096
1.3166
0.3518
0.6734
0.3417
0.5427
1.4171
0.2111
1.0151
0.392
0.2513
0.7035
0.9146
8.5829
0.2714
14.2914
1.799
10.3416
1.0653
0.7136
25.5777
1.8191
0.2412
13.0853
2.2613
0.4422
0.6231
0.4221
0.2513
0.201
0.7638
0.9548
3.0151
0.2814
47.3866
0.9347
7.9798
0.9548
0.2312
5.2261
0.2513
36.6932
11.7286
0.6633
0.804
0.201
3.5578
1.4774
0.5126
1.0151
3.8995
28.9747
12.211
18.3717
0.3819
0.5729
0.2513
0.2513
0.4422
0.2814
0.5628
0.7739
0.794
0.5226
6.9648
0.5327
0.201
0.3015
0.6834
0.201
20.7134
0.2714
12.4522
0.4523
0.3618
0.7437
24.6029
0.603
0.7538
1.3668
0.6935
9.8994
0.2613
0.9347
0.3618
0.2915
0.4724
0.2111
0.2613
0.5829
0.4221
3.1859
0.593
4.4221
0.4221
0.2312
0.6432
0.3719
4.0603
3.8995
0.9749
0.2312
0.2814
0.2814
4.5929
1.407
0.3317
0.4824
0.3819
0.3216
0.2915
0.4221
0.8643
1.5477
3.0553
0.3015
1.9497
0.9246
0.3015
0.2714
0.2513
3.0854
0.3015
0.8342
0.2613
0.5327
0.3417
0.2915
0.5025
0.201
0.201
0.4121
0.2915
47.9394
0.3819
14.2411
5.9497
5.1557
3.0251
0.2714
0.392
0.3317
29.1355
0.3317
0.4121
0.7136
7.2261
0.5126
0.9246
4.8341
0.4221
0.5528
0.2613
41.8791
0.6935
0.5126
0.3719
0.6231
0.8844
0.392
0.2915
0.5126
8.6633
0.3216
1.2462
2.8844
0.2513
0.5729
3.4673
0.9749
1.3769
0.4422
0.3015
0.3116
0.8342
0.7337
0.2915
0.4221
0.3518
0.3417
0.3116
0.603
0.3719
0.3417
0.2915
0.2211
7.9497
53.3464
0.5025
2.7437
1.2161
0.201
0.3719
0.9648
0.4422
4.5728
0.2613
0.3719
12.4019
0.7839
0.2714
0.2312
0.5126
1.3467
1.9296
0.3116
2.794
0.2714
4.8542
0.3116
1.4472
0.5628
0.201
0.2111
1.6382
0.3015
10.5225
4.7236
19.5476
0.2714
0.2814
0.4523
0.3015
0.2613
7.5477
0.4623
0.4322
0.3719
4.6733
0.3819
2.5829
3.2764
2.0502
1.2663
0.2513
0.3216
2.211
1.6181
0.4422
4.613
0.2412
0.2513
0.3819
3.5377
9.9798
0.3317
11.3266
0.392
21.628
2.9246
0.4824
3.206
0.6935
0.3015
0.6633
2.8342
41.8992
0.5528
0.9347
3.6884
1.9698
0.3819
0.2915
1.5578
12.824
0.4322
0.201
0.2312
0.3618
3.2864
0.4422
0.8141
1.2362
1.3367
0.8141
1.5879
0.3819
1.4975
8.1005
0.201
1.6884
0.3116
0.4221
2.5728
5.7889
0.5528
0.3417
0.6231
0.201
0.3216
0.3518
1.3769
0.6332
0.8945
0.5327
4.9648
0.4523
0.3719
0.7538
0.2714
0.2714
0.4121
0.3819
9.1356
1.4472
0.2211
0.2111
0.3216
0.3819
9.417
0.402
0.2111
23.025
0.201
0.4824
47.467
0.6633
4.9246
13.9095
1.1457
0.7739
0.4724
1.2663
0.2513
25.638
5.7387
1.206
8.2512
0.4121
0.3216
0.3317
45.7987
4.5025
0.4824
15.7285
0.4221
0.5126
0.4422
23.7385
0.7638
0.6935
0.4724
45.1153
1.2965
1.3065
0.2312
3.9698
28.5526
14.2311
1.6482
2.6834
1.1658
2.201
0.2915
0.4322
0.2412
12.01
4.1306
1.7085
0.2814
2.3919
1.005
0.3216
0.3819
3.7186
0.7538
0.3417
0.392
1.0452
0.3116
0.2211
1.2161
0.2312
65.1956
3.4573
2.0904
0.8543
7.9597
0.2915
0.7236
0.3116
0.2111
2.0502
0.5528
0.3518
36.5425
0.2111
0.593
0.2111
8.0502
0.5729
12.0803
0.3618
0.3216
0.4322
5.7789
0.5729
0.3015
0.3317
10.4924
0.7337
0.3116
26.0903
3.3367
0.2412
0.804
0.5829
1.0151
0.3719
0.6332
0.2111
0.2412
0.4322
0.8744
8.2211
0.4121
0.7538
1.6482
0.201
0.8543
0.2513
0.8744
0.5628
8.6532
0.2211
0.392
0.593
0.3518
0.2714
0.402
8.2713
0.4221
0.8543
0.9749
5.6181
0.5025
0.3518
9.2763
0.4221
1.0352
0.4121
0.4422
0.3417
0.7236
0.4322
0.5628
0.3819
0.7538
0.2111
1.4171
2.7839
3.8995
0.201
0.7839
0.4925
0.402
0.3015
0.4925
0.6131
0.2613
0.4221
0.2513
0.4422
0.3216
0.6231
25.5375
0.2714
0.5025
4.9849
0.6432
2.7437
1.6382
0.5126
0.3518
0.2211
4.5025
3.4372
0.7538
0.2915
0.995
0.2312
0.3317
0.5427
0.201
0.3116
0.2211
2.0603
0.392
0.402
0.4724
0.5025
1.9196
0.2412
0.9548
0.2814
0.2312
0.4221
8.3015
0.2915
21.1355
3.196
0.2412
0.3719
0.201
0.4422
4.1507
0.5628
0.2613
0.2513
1.4975
4.9648
0.3116
0.2814
0.4824
0.3317
0.804
0.2312
0.5528
4.7437
0.201
0.2312
0.5025
0.6734
1.0653
0.2211
0.603
1.9698
0.4422
0.392
9.8592
0.5829
7.5778
3.7789
1.0251
8.814
9.2663
0.3317
13.8693
2.7538
0.3015
3.5578
0.7739
0.2111
7.2261
1.1859
0.593
0.7136
0.2111
4.4824
0.603
0.2714
0.4824
0.7638
0.5729
0.2915
0.2312
0.201
0.2211
0.5327
14.3617
0.2613
0.8844
0.2613
0.2513
2.2311
0.3015
0.2814
0.2714
0.4623
0.7739
0.3317
20.2813
0.7638
0.3015
1.6583
0.7437
2.0502
0.5628
0.5226
0.201
12.412
0.804
1.2362
0.9246
1.4975
0.5427
7.7286
0.7136
0.3216
0.2915
0.7136
0.2814
2.6532
0.5025
0.2111
0.3618
0.593
2.0402
5.397
0.4422
8.8643
4.1909
0.3618
5.4472
0.8241
0.9749
2.4824
83.8186
0.2714
0.5427
4.5326
0.3317
0.402
0.8945
0.4724
0.402
0.7739
0.5729
2.6231
0.5628
2.5025
1.4673
0.5628
1.2965
0.3216
1.1156
0.8141
0.7538
0.2111
0.2814
0.5025
1.3668
1.0452
0.794
0.9045
0.2312
1.4874
0.8342
4.3316
13.7487
0.8744
0.2412
0.7337
0.3417
0.4824
11.2663
3.2462
1.6884
0.6332
0.8342
0.4925
6.7336
0.4623
1.9698
4.8743
14.7436
0.2111
0.7638
0.3819
0.4523
0.3317
0.3216
4.1909
0.3116
1.4271
0.5528
0.3518
7.0452
0.8945
1.3668
0.5628
7.8391
2.8442
1.608
3.9598
0.3518
0.6533
0.9749
2.8241
9.9999
1.0955
1.2462
0.7236
0.9849
18.1707
12.1105
5.9799
0.5829
0.4925
0.2915
2.9347
0.8744
0.593
2.01
0.2111
0.2613
0.995
0.5628
0.2312
1.7186
1.8191
8.7738
0.5327
0.201
0.8744
0.4523
2.9347
0.4623
0.5025
0.4221
0.603
0.3317
0.3116
0.3015
1.2864
1.0151
0.4322
0.5327
40.251
0.402
37.2761
1.4271
1.0653
1.0553
5.799
0.2915
0.5729
0.3015
0.4121
67.3664
0.3417
12.221
0.4221
0.6332
1.8392
0.5628
0.8141
12.4723
15.5074
0.2613
0.2312
0.6533
0.392
0.804
3.2261
1.3668
1.7186
13.0853
0.3819
0.4925
0.7236
0.4322
0.2714
0.4121
0.5126
0.201
3.5276
0.4422
0.6533
0.8643
0.9146
0.2714
0.392
2.0603
0.2211
1.2663
2.6231
32.1506
0.392
32.1405
0.7839
0.4221
19.5376
0.8744
3.7085
1.0553
1.7688
0.3518
2.0201
0.995
0.392
0.2111
0.3819
0.3216
0.5528
59.276
1.5377
0.6734
9.9899
2.794
2.5326
0.2613
1.4472
0.5226
1.1558
8.1507
1.2965
0.2814
3.7588
9.608
0.201
0.3719
0.4523
0.9246
0.9045
1.1156
0.6131
6.3919
2.5527
1.1256
0.3216
3.5276
0.3618
0.2613
0.9246
0.6533
0.402
2.0502
7.3467
1.5879
0.4824
1.1859
0.5528
0.794
36.7435
12.6532
2.9648
0.4523
0.7538
0.3417
0.9849
0.201
2.0502
13.5175
0.5729
0.9246
0.2915
0.2814
3.9095
0.201
25.7285
1.4372
1.0955
2.0904
33.7385
19.1557
0.8141
1.1558
0.6131
0.9045
0.3317
0.2613
0.5628
2.2412
0.4322
7.9195
0.5226
0.2412
1.2764
0.2513
4.4522
0.7538
0.8744
0.2312
0.5126
1.407
0.9146
1.0955
0.4724
1.3769
8.1206
1.5578
0.6432
0.2111
0.7638
0.3819
0.3417
0.3719
21.0652
0.5226
0.6332
0.593
1.5176
11.1959
2.8543
0.2312
0.9548
1.2965
0.2814
0.6935
24.824
0.6633
0.3317
0.3417
24.6531
0.7739
0.2513
0.201
23.5375
1.1156
1.2965
10.4522
16.3316
17.7687
0.4623
0.4925
2.0301
2.3015
2.5125
44.1103
10.1909
3.5075
0.4623
2.7035
0.603
0.3719
17.9094
0.6935
0.9146
0.6533
1.3769
0.8442
1.0251
2.0502
7.1457
7.2261
0.8141
2.9246
0.6533
1.2864
0.6432
0.7236
0.3216
0.9447
2.8241
0.5528
0.8342
0.6935
0.8945
1.8995
2.3115
1.7286
0.2814
0.3819
0.2412
0.7437
0.3719
24.6129
1.5276
2.3819
0.5025
0.2412
0.7839
0.3317
0.6432
0.2111
0.5829
0.2915
0.7136
13.9095
2.3819
2.8744
4.7035
1.7889
17.0652
0.2513
16.6733
0.3417
0.392
0.4623
0.5829
0.9045
0.5729
2.7739
0.8141
1.2864
1.0653
0.7337
3.5879
1.9095
16.3416
0.3518
2.412
0.5126
0.4824
5.5276
0.3116
5.1055
0.8744
5.4573
0.4925
0.8342
41.1957
0.5829
3.0854
0.3518
0.7236
0.7136
5.397
1.7588
0.2111
0.9749
0.2111
25.6782
2.1809
3.2462
0.6834
22.8843
0.7839
0.6935
4.5628
0.4824
71.1051
3.0754
0.2613
0.3618
0.9347
24.1305
0.2412
0.4121
3.8593
0.8744
0.3015
2.7538
3.7588
0.9849
0.6734
1.8593
2.1507
0.3719
1.3869
0.6533
15.2361
0.2814
0.4422
0.7437
0.3719
5.2462
0.2814
4.5427
0.9246
1.6382
1.8291
3.1558
1.3568
3.0251
0.3719
2.1105
0.3618
0.593
0.9146
2.1005
1.0854
0.2312
12.5024
3.3166
1.0251
0.3719
0.6231
0.201
13.226
5.8191
0.7739
2.1809
1.598
2.9146
0.7337
1.2462
3.2563
2.5326
0.4925
0.4523
1.5176
0.603
0.3417
0.3618
3.1256
0.7337
0.3116
0.9045
9.4472
0.9447
0.2814
0.8442
0.6633
0.6533
1.2563
1.1256
11.0653
0.3216
1.9196
0.201
2.2914
1.809
0.201
0.8945
1.4171
0.5427
9.5477
0.6231
26.8943
1.1859
0.2312
0.4925
0.3618
0.3819
0.7538
2.804
0.5025
0.2513
12.4723
0.7638
37.9194
0.5025
0.8342
0.3417
40.251
17.2964
0.7839
0.4121
0.4724
1.1457
0.6231
0.4221
3.6884
1.0955
6.5427
29.4873
11.6582
0.2915
17.226
0.2412
0.9246
0.3015
3.4171
0.2613
1.5879
0.5126
1.4774
0.2613
0.3719
0.5427
0.3618
0.2412
0.2915
11.3969
0.4322
27.0451
0.4824
0.9849
0.2412
2.3819
0.392
24.5426
0.995
1.1256
0.8945
1.206
0.3417
0.2211
6.1105
1.0653
0.4724
2.01
0.794
1.8794
0.5528
0.5226
2.5929
0.7638
9.1356
0.9849
0.3116
0.7236
0.3015
1.7487
10.7336
0.4221
0.2412
0.7839
0.4523
6.2713
15.6079
1.7688
4.3115
0.6533
0.4121
6.2311
0.3819
0.3116
0.5729
0.2613
0.9246
0.3618
0.6131
1.6281
0.3216
0.3518
1.1055
0.402
0.6734
1.7387
0.7538
0.2412
1.6583
6.1708
1.6482
5.3266
0.6432
0.2814
5.6281
1.9296
0.5025
1.4874
0.4925
0.3417
0.7538
51.2761
1.206
0.9045
0.2412
0.2814
3.8693
4.5326
0.2613
0.3819
0.2915
5.0251
3.5879
0.4523
62.472
0.995
0.3216
21.035
0.8945
1.2362
0.2915
0.9749
0.2714
0.402
0.6131
0.201
1.3065
0.4422
0.5729
0.2211
0.4121
3.5578
0.3518
1.6181
18.9346
0.7136
3.8392
6.4321
1.5075
1.598
0.3116
12.4321
1.8492
17.9094
1.1357
2.0804
0.6131
0.4121
1.7085
7.618
0.2111
0.4523
5.5477
0.3417
9.4874
2.6331
17.3366
0.593
0.3015
2.4723
14.3215
0.8744
13.5778
2.5527
1.3367
6.4422
8.1608
0.2513
40.5123
0.593
0.402
1.5678
16.0301
1.8693
1.005
4.5929
1.1156
0.201
2.5326
0.5025
0.2412
0.6131
1.5779
0.8643
0.5528
0.5829
9.5175
1.0352
1.397
0.7236
0.3116
0.7035
0.9447
0.2513
6.8542
0.2613
0.7437
4.201
0.5427
35.2762
0.5126
0.3819
0.4925
61.3765
0.8744
0.2111
2.3115
0.8744
1.0754
0.8342
1.196
0.2111
0.3417
1.1357
63.1152
1.2563
2.4623
0.2312
0.3015
17.3969
0.3216
2.9648
0.392
0.2111
6.8944
0.402
0.6131
1.5879
0.8543
0.593
0.5327
2.3115
1.608
4.0804
1.8492
46.452
4.6532
3.0452
33.3465
13.2964
1.598
0.6734
13.5477
24.04
0.9347
1.598
0.4523
0.3518
2
0.5126
0.3317
1.0955
1.4171
0.4623
0.2111
0.4824
0.3015
5.799
0.201
0.7236
0.9749
0.3317
1.5779
0.5528
0.5427
0.5829
0.5025
0.7136
0.6231
0.7437
43.3565
1.8894
0.2513
2.5226
1.6683
14.613
0.8945
0.6432
21.6381
0.2312
1.2362
14.7235
0.603
1.0452
6.0502
1.9196
0.2613
0.7839
1.2462
1.5578
7.3668
0.3216
0.804
21.0149
0.2613
0.2613
5.6382
0.2412
0.2714
0.2613
1.1759
0.392
2.3517
2.7236
1.0653
0.5628
8.4924
8.5427
0.6935
1.7789
0.3618
0.8844
1.005
1.6281
0.3819
0.3417
0.6834
0.6834
1.4472
0.3417
0.402
0.8945
4.0402
0.9246
4.1507
19.417
8.4422
4.1005
0.3417
1.0653
0.2714
0.4724
0.9447
0.2111
0.4824
1.0352
1.6884
0.201
0.7035
0.9246
2.0301
3.4271
29.0249
1.407
0.6935
4.4221
1.0653
0.8442
2.3417
3.4874
1.809
2.8844
0.3518
5.9196
0.6131
0.7538
2.0301
0.4121
0.4422
3.2362
2.5226
0.3819
0.4322
0.402
0.2412
2.6633
2.8643
8.9346
6
0.5628
0.3015
0.7236
5.7387
18.1305
0.2613
4.9447
1.3869
0.2312
0.2513
0.4824
0.3819
1.005
0.2312
0.5729
0.603
0.3216
0.3719
26.442
0.7538
1.2764
0.2613
2.8543
3.0854
9.5376
43.2761
1.1156
0.6332
0.6131
1.8392
0.9347
0.7437
1.0754
1.206
0.4523
0.8744
0.5528
1.4874
0.3317
30.1506
32.7536
2.1005
0.3116
1.5779
0.2412
3.9397
1.4472
3.598
0.3819
0.8342
0.9246
0.2412
0.6935
1.598
0.2412
1.6281
0.3518
10.9246
2.2814
0.603
0.4121
0.804
2.4623
0.9749
0.9548
0.2111
0.3417
0.4121
0.2111
1.1558
0.5126
0.6734
1.3367
0.5729
1.2663
0.3719
1.4573
0.6834
2.7035
0.5025
0.3417
0.3015
0.2412
0.4121
0.2312
0.4221
0.9246
0.5729
1.397
0.5226
1.0955
17.6883
4.9045
0.3618
0.2814
40.5626
0.804
0.7236
0.6432
2.4321
0.7136
0.3216
0.2412
1.2362
9.9095
1.0352
4.9547
3.3769
53.6379
0.2211
1.2161
1.2764
10.3115
0.7839
0.3518
0.6231
2.6231
0.201
0.2714
0.402
2.2412
0.3116
0.5729
1.5477
0.3819
0.3317
10.0803
0.4623
0.9045
31.5576
1.0251
0.6834
0.5528
16.2411
0.2111
0.201
1.5276
0.2211
0.2613
1.1658
0.6533
0.9246
59.4971
0.2714
15.5074
0.3819
1.6884
1.1256
1.3568
64.5624
0.5327
1.9095
4.2311
1.005
5.799
58.8941
13.226
13.5979
0.2714
0.9246
0.8744
17.8491
0.402
0.593
0.4121
0.5226
2.0804
0.3618
6.3919
0.2111
53.3062
0.5327
9.1658
0.2814
3.4975
0.2111
0.3216
1.1256
2.8643
1.2563
6.2613
0.3417
6.1507
0.3216
0.6633
0.6131
5.9899
1.6683
4.6532
0.3518
2.3718
0.3618
0.4322
0.3618
0.2513
0.8141
0.3116
2.5025
0.4221
0.4523
1.8593
0.7136
0.4824
1.397
0.2111
1.4472
53.9394
0.7337
0.3015
1.8794
4.3216
0.8342
0.2613
0.2714
4.9748
0.6432
0.3015
0.5427
0.392
1.0653
0.2211
0.794
1.3769
3.3568
0.8643
0.4925
0.3116
0.5226
0.8241
0.201
0.3015
0.2915
6.6633
10.1004
0.2814
0.794
0.9045
0.2714
0.5126
0.6131
3.1357
7.1859
25.7486
0.3719
0.7236
1.4573
4.8743
19.9396
0.9045
6.5025
0.3116
0.5829
0.4121
0.5126
5.6683
0.7638
0.9146
16.4823
1.1357
3.6181
0.5829
0.3618
0.2714
2.0603
15.6381
0.3618
0.2412
0.794
2.7538
0.3216
0.4322
0.4523
0.5327
10.3215
14.1909
0.5226
0.5729
0.8141
0.2211
0.201
3.3065
0.402
0.2312
0.402
0.7236
4.6231
0.3015
0.9548
0.5327
0.5528
3.5879
1.5578
0.2312
6.9246
3.3367
6.211
0.6533
0.6633
0.2714
1.196
9.6582
0.5327
1.6382
2
1.0854
1.1156
8.0502
0.9246
0.6734
0.7638
0.2312
0.2513
1.2864
0.9548
0.4623
0.8945
1.1859
4.9045
0.4121
0.392
0.392
0.7136
0.2814
0.2312
3.206
0.8342
0.2513
18.4119
3.2663
0.7236
0.2714
3.0955
3.6683
0.2613
3.4171
0.3518
4.8743
0.392
0.2211
0.2613
0.7538
0.2513
1.7889
1.5176
1.5879
0.6131
12.1909
0.8342
0.6734
0.4422
0.4322
0.7638
0.5025
0.7437
0.9849
0.6533
1.0553
0.3618
0.5729
0.2513
43.8791
0.201
5.397
1.8291
0.2412
0.2814
0.2513
0.5528
0.7236
0.5427
4.1206
0.4523
22.7335
0.9749
0.5729
5.216
1.4874
0.9447
0.2814
0.9146
0.8342
0.593
0.3317
0.9146
45.2761
0.3317
0.2513
0.5528
1.8894
1.1256
0.5126
0.4724
20.8943
0.5126
0.2111
1.7588
12.9547
1.1558
4.1306
0.5327
0.2613
0.6131
0.4724
3.5075
0.4221
0.2412
20.4923
17.7989
45.8992
2.0703
1.0553
0.4422
0.5025
5.1155
6.0502
29.3465
0.4724
0.2915
0.6432
0.2312
0.4422
4.5125
0.4724
0.3216
0.2915
54.3414
1.0151
0.4221
0.3216
3.1256
18.9547
0.5829
0.9447
11.5678
0.3518
0.4925
0.9548
2.1507
2.3417
0.5126
14.0502
9.1356
6.2311
0.2211
11.4472
0.2211
0.4824
2.0402
0.3719
6.4824
4.603
3.8392
0.6332
0.2211
0.2111
0.7337
1.7487
0.402
1.608
0.6633
0.3417
1.4874
0.8945
17.1758
10.9145
0.3216
0.603
0.2613
0.9347
0.4925
0.201
1.005
24.8943
10.9045
1.206
0.3216
1.5678
0.5528
17.8391
0.5327
3.1457
0.2714
0.201
5.0954
14.0301
0.603
0.3719
17.628
0.2211
41.7585
0.603
0.201
1.2864
0.2412
40.8842
3.5276
0.392
5.1457
0.3518
42.653
0.5427
1.6985
0.5829
7.8793
43.5274
0.4824
0.3015
0.5628
0.804
1.0251
10.9447
18.1305
0.603
0.7337
0.8744
2.9146
1.1558
0.201
0.2111
1.5678
14.6632
0.794
2.2512
1.7186
4.8743
0.5628
0.7437
0.7236
9.7085
0.9045
0.4623
11.5577
12.1808
1.5678
4.3819
0.5829
19.3868
0.2513
0.2613
2.804
0.4121
0.4523
1.5377
1.1558
47.8087
0.2814
0.4121
0.3015
0.3719
0.3216
4.6432
1.2563
0.4623
0.2513
60.4921
33.5174
0.402
0.593
5.0452
1.3367
13.3768
0.7538
0.2915
4.9849
0.4925
1.397
0.8141
0.7638
0.2714
6.9246
0.7337
1.9497
0.5126
15.4069
7.216
1.3065
0.7337
0.5628
0.794
0.4422
0.402
0.603
0.4121
0.8744
3.4774
0.6131
0.201
1.3668
0.2111
8.814
1.799
25.0752
30.5727
29.5275
0.8442
1.1156
7.3467
46.7334
0.4824
0.3417
4.9648
0.201
0.8543
10.9045
0.4623
0.3719
0.6432
0.5427
0.3417
2.1608
17.9898
0.2714
4.8844
4.7035
22.8441
0.4221
0.2814
0.593
0.2211
1.3065
1.2161
9.4974
3.3568
0.2814
0.5628
24.8541
0.2111
0.3015
0.2915
6.6231
34.1103
8.2814
0.603
0.8543
0.4121
5.4874
0.6734
0.4221
59.0851
1.5176
0.5025
0.2111
1.0553
1.3769
0.5729
0.8643
0.9347
0.5126
2.1206
5.1055
0.7839
8.5326
4.3718
28.1807
0.2312
0.5126
0.3819
0.2613
1.8191
2.7739
0.2613
1.206
2.0904
0.3819
0.9447
0.6231
0.2111
0.4221
6.9748
0.3417
0.6633
1.7186
1.5879
0.201
2.3718
6.5025
0.5729
0.2613
0.5427
2.0904
0.4221
0.2814
4.9045
0.3317
0.8241
0.3015
3.3367
0.2312
1.397
0.4724
0.2714
4.0603
0.7638
0.8141
3.1759
0.2412
0.7136
0.3719
0.4121
0.2814
1.2462
1.4171
4.8341
0.3417
1.9899
0.2513
10.9045
0.3216
1.3668
0.3518
4.1708
0.5025
0.2412
0.6332
0.4523
6.01
0.201
1.6181
7.8894
1.196
0.9749
0.6633
1.7286
0.3317
0.2714
4.3216
0.3317
0.3417
0.593
3.2462
7.9597
52.663
0.201
0.4121
0.2412
12.1708
0.4322
0.6935
0.4824
0.4121
0.3819
0.3518
0.6633
1.5176
0.5729
1.1357
0.9146
0.2613
0.7437
3.0653
4.1608
0.6231
0.5327
0.3518
30.4119
0.5126
18.6531
0.7437
0.7437
0.6935
0.3116
1.2663
0.5528
0.2513
2.7437
0.3819
2.3316
0.6231
3.196
0.2412
0.6231
0.9548
0.392
1.1256
5.1457
6.0502
0.3417
0.4925
0.3719
1.0653
3.2362
17.0451
0.3819
1.1558
0.7638
3.1357
1.0553
0.9548
0.2714
0.9849
0.6935
39.045
2.6633
1.5578
0.392
0.7638
0.2814
1.3367
1.0151
7.7889
0.201
0.2111
5.4271
1.2864
0.2814
42.9445
0.3819
0.2111
0.2613
1.3568
6.1507
1.4271
0.392
0.2814
0.3116
2.7739
0.8744
1.7085
0.4121
0.5628
3.7889
10.1808
0.402
1.7085
4.4422
16.613
0.402
0.8342
0.7136
23.5878
0.8844
3.1256
0.2513
0.3719
8.0502
2.3718
21.2461
0.2211
0.2613
2.5125
26.7335
0.4422
10.1909
0.4824
0.2312
38.3314
69.2659
1.5879
0.8241
35.0551
0.6935
2.3919
2.211
0.6432
0.5025
5.3668
0.3819
1.2764
1.9899
0.2412
4.0301
2.3517
3.4573
0.7236
4.4623
0.3015
0.804
0.5126
0.3216
10.3617
0.4824
3.8894
5.9799
3.4472
1.2362
0.201
0.5427
6.201
0.4623
0.7236
0.3317
0.2814
0.4623
0.5528
0.2613
0.2714
0.9246
2.3216
0.7035
5.3467
0.3417
2.8442
0.8945
1.4573
0.5628
6.5326
1.6583
1.608
0.603
0.2814
0.3618
0.6231
17.2863
0.3116
0.3015
3.1558
5.598
18.8743
4.9246
3.3065
0.4121
0.2513
0.3518
1.5779
0.2714
0.2312
0.4724
0.603
1.6281
0.4824
0.4422
0.6935
46.9645
0.4523
0.392
0.5628
0.6834
0.9849
0.4422
0.201
0.2915
0.5226
0.3317
2.412
3.9296
0.3317
2
0.3116
0.2814
10.6632
0.201
2.9045
0.2814
4.2914
20.0501
0.2412
0.4121
23.437
0.2814
0.3015
0.2211
0.2714
0.593
6.5728
25.1858
1.0251
1.1256
12.422
17.2863
0.8442
44.9846
2.1809
4.6231
0.2513
0.3417
0.2412
2.8342
3.7588
5.0753
0.4523
3.4472
0.4824
1.0251
1.9799
1.1256
21.0652
4.0402
1.598
2.6633
0.5327
0.4523
1.196
2.8844
6.8542
1.5879
0.4121
0.3116
0.2312
0.2412
1.2663
0.2211
1.1357
0.7437
0.2915
0.8945
0.2312
0.5025
0.5628
0.4724
67.8589
0.5628
0.2915
7.4773
0.2613
0.5327
22.7034
45.4872
0.2211
0.4623
0.8744
1.3467
9.4371
1.2764
0.3618
0.6231
1.0151
0.3819
0.201
0.6231
0.3819
12.5527
0.6432
0.3116
0.3618
0.5729
0.7337
0.5528
6.9447
8.4522
0.2714
0.6332
0.3015
0.3719
0.2915
0.5829
23.7687
0.6734
0.6231
0.2915
4.1708
0.3015
2.8241
0.4322
0.3518
0.2412
0.4422
0.8643
8.3919
14.3014
2.804
14.4924
1.2362
0.603
1.799
9.4472
0.8141
0.603
15.4773
1.397
2.4422
1.5879
1.0151
27.5174
0.8241
0.3216
0.4724
1.7588
0.3819
0.3015
0.2613
9.1859
21.1456
0.2613
0.2111
2.5326
0.5327
0.593
0.3116
5.1457
0.9849
0.2714
0.2613
2.9648
13.6783
0.392
0.2312
1.7286
2
0.4523
0.8442
0.3719
40.0299
7.2964
0.2312
0.5226
5.3769
0.593
12.1105
0.2211
0.4523
0.8442
42.9445
0.2513
0.3618
0.3618
0.4724
34.834
37.1254
1.8794
0.3116
0.4422
3.005
5.3869
29.4772
0.6231
10.814
0.2613
1.0955
0.3317
0.3116
0.2714
0.2111
0.2111
0.6131
0.5829
9.9899
0.5126
1.4271
3.3668
0.3116
0.2312
0.3317
0.593
0.2613
1.6181
0.6734
1.5477
0.2915
0.603
0.5126
4.804
0.2111
0.794
0.6131
0.2915
0.7437
10.6532
0.6131
1.8392
0.2211
0.4422
9.6381
0.3216
0.3518
0.2513
0.8543
0.3819
1.4573
47.4369
0.2714
0.4724
0.5829
0.6834
0.3317
0.6633
0.7437
0.2915
0.3216
9.2864
39.9897
31.4169
5.1959
0.3216
0.8342
0.4623
0.8945
7.9597
1.2563
1.005
29.4471
0.5729
0.3216
0.3116
0.9146
0.7035
0.2312
37.0751
0.4121
1.5678
0.5025
0.5528
0.2211
0.8141
0.7136
0.4824
0.2613
0.5226
0.5427
0.5025
0.7437
0.5729
9.5276
0.4623
0.4422
3.407
1.4874
0.2412
0.4422
0.2814
0.392
0.4623
0.2312
0.4422
0.6834
0.2915
2.3015
0.6633
10.1507
3.005
0.6834
0.4824
0.7739
0.3116
0.2814
1.1658
3.3367
0.3015
0.8442
0.2412
0.5226
1.4171
0.2211
2.3819
0.2613
0.7538
0.4523
0.6432
0.3015
1.8191
0.392
0.2312
0.5628
0.402
0.8543
1.3166
0.7538
0.6231
0.5327
1.7688
1.1156
0.3317
0.7437
0.6533
0.201
0.2412
0.5126
0.402
0.6834
1.2864
0.4824
0.3417
0.3618
0.402
1.0653
1.9899
0.2915
0.392
0.4824
0.2412
1.6181
0.3317
3.1558
1.0251
0.9648
0.2613
0.3015
0.2714
0.8241
0.3417
0.3417
0.2412
4.0201
0.201
0.3618
0.2513
0.3819
0.603
3.2462
1.397
0.2613
0.6533
0.4422
0.4925
0.2412
0.3116
0.6332
0.7638
0.3116
0.3116
0.3417
0.603
2.4824
2.0301
0.3417
0.5829
0.8945
3.4472
0.6332
0.7538
0.4623
7.1859
3.598
0.6533
0.201
1.5377
1.1156
0.5528
0.4523
0.8945
0.201
0.3819
0.4121
0.5628
0.593
0.7136
0.7739
0.7538
0.7337
0.4623
0.6734
0.3015
0.3317
0.5528
1.407
1.2663
1.3266
0.3618
0.3417
0.2513
0.392
0.7739
0.2111
0.3116
0.2714
0.9749
0.3015
0.995
0.6131
0.2412
0.6231
0.4623
0.4824
1.1055
39.849
1.1357
0.4221
0.4121
0.603
1.4372
0.6734
18.03
0.3618
0.9749
0.5327
0.6834
1.0754
1.7588
0.4221
0.392
0.4121
0.4623
1.9196
0.2211
1.9296
5.6884
0.8342
0.2211
0.201
0.6935
0.6734
1.608
0.3719
1.005
0.2814
0.4523
0.2111
0.6734
0.7236
0.5327
0.2714
0.5829
0.603
0.9548
0.4322
0.392
0.2412
0.3417
0.2312
0.402
1.5176
1.1457
1.196
0.5327
0.8241
0.3015
6.5628
1.0653
0.2211
0.3417
0.402
1.2161
0.5025
0.7638
1.4975
3.8693
0.2915
0.3719
0.9648
0.593
0.5628
12.8944
1.4874
0.2111
0.2714
0.6231
0.5226
0.201
0.794
0.8543
1.196
0.7638
1.3166
1.6784
0.6131
1.0553
0.7136
0.2412
0.2211
1.1055
1.4171
1.2462
1.0151
0.2412
0.4925
0.4623
29.5777
0.5829
0.7035
0.6834
5.1959
0.5829
4.7236
0.5226
0.3116
4.2311
0.5829
0.4724
0.3317
0.2915
1.6683
1.1055
0.3719
0.8543
0.593
0.4724
0.2412
0.3317
0.7337
40.6932
2.3618
0.995
0.8543
0.3417
0.8141
1.2261
0.4221
0.2714
0.392
4.804
1.2663
0.5025
0.804
0.4121
0.5126
1.3769
0.6734
1.2663
3.8593
0.5729
1.0653
0.2111
0.603
1.8392
2.7538
0.5427
0.5126
0.2111
0.3216
0.2312
1.1658
0.3116
1.4472
25.7888
0.4523
0.6633
0.9548
2.1105
3.4171
1.7085
0.804
0.3116
1.6683
0.794
0.5628
0.603
0.8342
15.4873
23.7687
3.0754
1.206
0.2312
10.0803
2.8141
0.2814
0.201
0.9246
7.2361
0.804
0.6834
0.603
0.4925
0.3518
0.5729
0.6533
0.5829
0.8442
0.2312
9.6281
21.1657
1.3568
0.2714
0.7437
0.6834
0.2211
1.3869
0.995
0.3015
0.603
0.2613
1.809
1.4673
0.5427
1.0854
0.6231
0.2211
0.5226
0.5729
0.9246
0.2915
0.2513
0.7739
9.9296
0.7236
1.2864
1.5276
1.005
1.1156
1.0151
0.5528
0.8342
15.2863
0.3618
0.5126
0.5829
0.4724
1.6181
0.6935
0.5528
2.1507
0.2814
0.9045
0.6131
0.4422
0.3819
0.3116
0.603
0.3417
0.7638
1.0151
0.3116
1.9397
0.9849
0.4925
0.7739
0.392
41.256
7.5175
0.201
0.402
0.7236
0.3116
0.593
0.6432
0.4422
0.201
0.6432
0.392
0.794
0.5327
0.6734
0.4523
1.3266
0.593
0.3216
0.2412
0.6834
0.5628
2.7839
2.7739
51.7283
0.3417
0.2111
0.9849
0.4121
0.4523
0.2613
0.3518
0.9548
0.3216
0.9246
0.2714
0.5427
0.3719
0.6231
9.4874
1.1457
0.6131
14.8542
1.005
0.5729
0.7638
4.5929
10.7336
0.3216
0.392
0.9548
0.3116
0.3618
11.2361
13.5778
0.2814
1.2462
1.5879
0.7638
1.4372
83.7884
0.2312
0.3417
0.201
37.6279
16.0401
0.3116
0.3518
1.809
1.0452
0.9849
0.3317
23.9295
2.6935
1.0251
8.0502
9.7386
2.201
7.8693
0.3216
3.3266
1.9698
0.201
0.3518
19.015
4
25.7988
1.799
34.1304
0.5327
2.2914
0.8744
0.2513
11.9899
0.4724
2.5125
0.8141
0.392
1.7186
0.4623
15.9396
0.4121
10.221
0.3317
0.2111
1.6583
1.1156
37.9194
9.015
2.3919
1.7387
2.1809
0.9246
2
11.9999
1.005
3.9598
0.402
2.1105
0.201
13.819
0.2111
2.3919
38.2611
0.201
0.4422
0.603
0.2211
0.5126
0.3216
0.593
0.4824
7.206
44.4118
1.9095
4.5326
0.5528
0.8744
2.7437
0.603
0.3618
13.4472
0.2412
3.6985
0.4925
0.2814
0.8342
11.0954
0.7136
3.5477
4.9849
0.2714
0.3719
1.4573
20.5225
12.3517
0.794
0.9146
0.3618
3.7588
0.2111
11.0653
20.3918
0.5528
0.3216
0.2814
5.5176
9.9497
0.2613
1.1256
13.5778
0.5226
0.3417
1.0854
4.7738
1.0854
0.9548
2.1005
1.196
5.8492
0.7638
5.1859
0.6935
3.8191
1.3367
0.9548
0.3216
20.1104
0.3719
2.1407
0.5729
23.3365
3.4472
13.8391
0.6533
2.4723
12.2411
0.4824
0.9749
0.2714
0.4724
1.1658
0.4322
0.3518
1.1759
0.9849
0.6533
0.4623
0.5025
1.4874
21.3969
0.4121
3.1156
0.5528
2.1407
0.9447
2.8543
0.6935
0.8442
0.4523
0.4523
0.3417
0.2915
14.02
0.6633
0.2915
1.397
2.6331
5.799
0.7136
0.5628
0.4322
0.2312
0.201
0.3116
0.7739
0.8643
3.5879
17.6481
4.8542
0.2111
2.6231
2.7839
0.201
0.3518
0.3116
0.5327
3.2362
0.5327
2.2412
0.5226
14.9647
3.0653
52.9243
0.4824
1.598
0.3116
12.613
0.4322
5.9698
1.2362
0.7839
0.6131
4.603
0.5226
2.8543
0.8744
0.4121
3.206
17.0049
0.2211
5.2462
4.7437
1.8492
28.5526
0.3317
1.8392
0.8241
0.7839
27.8792
4.7939
1.3568
1.6281
0.794
0.9648
2.8543
0.4322
0.392
3.6482
1.206
0.804
0.5327
30.6832
0.5528
1.0251
2.1809
2.5125
0.2814
12.2512
4.3316
6.9145
1.005
2.5125
10.0904
0.8342
0.8543
0.2513
0.2111
0.2714
0.8643
43.1857
2.0201
2.4221
0.3417
78.8236
2.4321
1.1457
1.397
36.9646
11.6683
25.7586
0.5226
0.5025
36.9646
5.4975
37.9696
0.2111
0.2714
1.1658
0.3719
0.2714
1.799
0.2613
1.7487
1.7286
2.9749
48.5625
2.3316
0.6633
0.2513
0.6834
22.6431
0.3015
0.6131
12.9044
0.2412
0.5829
1.5377
0.2312
1.3065
2.603
0.6432
0.9447
0.7839
0.6131
32.7536
0.3518
2.2713
6.8743
0.995
0.3015
1.608
31.1656
2.412
2.1809
2.7437
12.2813
1.0151
30.6933
0.7236
1.7487
0.7638
1.0653
0.3518
6.5427
9.3467
0.4523
1.5879
0.4724
0.402
6.4221
0.3417
0.201
0.5628
0.4824
0.6131
0.4221
1.3065
1.3568
4.8542
0.4824
4.1608
0.2412
4.0603
0.7739
3.0352
0.2613
17.9597
0.6432
33.437
0.2714
18.4722
1.2261
0.2111
0.5126
0.4925
7.8492
1.206
0.4523
6.7437
68.9242
0.593
1.9899
14.0803
0.3317
4.7437
0.5427
13.2863
2.8543
1.2864
0.6332
12.0401
0.9347
0.2915
1.8191
2.3115
0.7437
3.9095
1.3668
0.2714
0.2714
2.4623
0.3518
1.5578
6.2412
0.9447
0.4523
0.7437
50.3213
0.2915
8.01
1.8693
0.3719
0.392
0.2714
12.8542
0.4724
0.4523
1.4171
42.4721
0.2412
0.2513
0.2111
2.201
0.6935
0.2412
2.2713
21.5074
3.2462
2.8442
0.7035
27.6079
5.3467
0.3719
1.3668
3.6482
1.1759
4.9648
2.2814
2.2412
8.8643
0.5025
12.422
0.5126
0.3618
11.7487
0.3015
12.2813
2.0402
0.8342
0.3216
0.3417
32.2812
3.4472
8.6733
6.5829
0.4724
0.3618
0.9447
1.7286
0.3116
4.7638
0.3618
4.613
0.3116
3.005
2.5527
1.6281
1.3869
0.8241
0.3116
0.3317
9.2361
0.2211
0.2513
1.5276
24.3617
2.4522
0.5025
0.3819
0.201
0.6231
0.2111
0.804
0.5729
1.4472
0.7739
1.5578
1.1357
0.4322
1.6884
50.5725
6.0402
1.1558
0.2814
0.4925
0.5829
0.5427
0.9749
1.0854
3.7487
12.9245
3.7487
0.4623
8.3015
2.1005
3.2261
0.3015
0.3819
10.422
2.2914
13.7688
0.7638
31.246
0.4623
3.1256
17.0652
0.2915
5.1055
5.1557
1.7085
2.9347
1.3266
0.2412
0.4824
0.3518
0.3317
1.7286
0.3618
1.0251
0.4724
0.9246
0.2412
0.5327
0.4322
39.7786
0.9648
0.6633
0.593
0.3317
0.7035
0.4523
0.7437
1.3065
0.6332
0.8945
1.0553
0.603
0.2312
5.0854
0.9146
0.2915
3.8492
0.2714
0.3116
0.6734
0.2915
38.0199
16.6431
0.2111
0.2412
2.201
0.2915
0.5126
2.3316
12.6632
0.7739
24.5024
28.7737
1.1256
0.9749
44.0098
6.8743
0.7437
2.0502
1.3065
1.7186
0.9045
0.3417
2.9749
0.4322
0.8643
0.9146
0.7337
7.6783
34.3817
39.9796
8.412
0.402
30.2913
2.794
29.5978
0.6332
0.2915
27.5074
0.4724
0.3317
0.4322
0.4121
2.9347
0.8844
1.7085
2.1005
2.6734
11.4271
17.2361
0.5025
2.2512
0.3719
0.603
9.4472
3.4874
7.0653
1.6281
16.5326
32.2511
0.6533
0.3417
1.3568
6.6432
0.4221
0.6834
0.3719
1.5276
0.3417
1.5879
0.8643
2.4522
0.3819
7.6482
0.2714
1.0653
1.4472
1.3166
0.5829
24.9446
0.5226
0.2714
8.9045
1.4673
1.2965
1.2864
0.3618
4.01
0.2412
0.7035
40.1907
0.5126
0.9849
0.4523
0.4121
12.5024
3.0754
3.1759
8.5326
1.2161
17.9295
0.4824
0.2412
4.2311
0.8543
0.2613
45.5575
0.5427
0.3317
0.8543
24.8441
14.5527
1.0553
1.0653
0.2613
18.02
1.407
1.4472
16.5024
26.6229
0.2915
0.3116
4.8341
18.422
0.6131
18.8843
0.9548
0.804
0.8442
8.7437
5.3467
2.1507
1.2663
3.0553
10.0703
5.1256
4.8241
0.2714
1.0653
1.005
0.8643
0.3216
0.4422
0.4523
0.201
4.2311
1.0854
0.6432
2.7739
0.4422
32.633
4.7738
0.2111
0.4221
2.2613
1.3568
0.5528
21.6079
1.0553
17.015
0.2613
4.9547
3.5276
18.3215
0.2211
0.9648
0.2111
0.9849
1.0653
0.9749
0.3417
0.7839
0.9447
14.0401
1.6281
0.9548
0.3819
3.0452
0.3317
0.4724
0.5829
1.3668
0.4221
3.2864
0.2513
0.3719
1.6784
0.3216
1.2161
0.5226
0.8241
2.9749
0.9146
0.4221
0.3216
0.3317
0.2412
0.4925
0.2513
0.2312
0.2814
0.3618
0.3317
3.5176
0.9347
4.1206
0.5528
0.4422
0.201
2.1005
0.3618
5.0452
0.3216
0.3216
0.2714
1.3568
0.2412
1.4874
1.6985
0.4523
0.7638
0.2312
4.0904
1.1055
1.1357
0.392
0.6834
2.8744
0.201
32.7234
1.0452
0.5628
0.2312
0.2312
1.0452
1.0251
7.8793
1.2965
1.4171
0.4824
2.1407
0.392
0.8844
0.8342
0.7538
1.0352
0.2915
6.8844
1.0955
1.4271
0.2714
0.3116
24.0803
8.1909
1.1457
0.2613
0.3216
0.402
2.6734
4.9145
14.4522
0.2714
16.9848
0.6633
0.5628
1.2462
0.794
0.9045
0.4422
0.3015
0.9648
32.9646
3.0553
1.2663
1.3769
11.2562
14.6833
26.5727
0.3015
0.3116
0.995
0.6432
36.854
0.8945
58.8439
0.402
0.5226
0.2312
7.8291
32.6531
24.5426
0.4221
0.9749
17.6682
4.211
1.1859
12.6934
6.4422
10.6733
26.442
42.2912
1.3467
0.4523
3.5477
3.4472
9.005
0.201
0.6935
0.2613
0.2915
0.6935
0.794
7.7587
24.3617
1.5377
0.4121
1.8593
0.2412
0.9045
1.8191
0.7236
4.3919
0.3216
0.201
0.392
1.206
2.5226
0.4523
0.995
5.4673
32.5727
1.3769
1.1759
0.9146
0.5126
0.7236
46.6329
0.402
1.6382
7.608
36.8038
1.206
2.0201
0.9347
23.8491
1.1156
0.6131
0.2412
0.5729
0.3216
8.7236
11.015
2.3015
0.3618
2.1608
0.4221
7.6984
1.7889
0.4925
0.2211
0.6935
2.7236
0.5126
1.4874
1.2663
1.5276
0.7136
29.5074
0.402
1.3367
0.4623
4.3718
6.5025
4.0402
0.2111
0.9648
0.4523
0.4322
0.4221
0.794
0.3719
2.3015
0.7035
0.3116
0.3719
1.7487
0.593
0.5628
0.4422
0.8945
1.1156
1.4171
2.01
5.1155
13.1155
0.8342
0.4925
2.3819
0.5729
0.3417
1.2161
1.3769
15.4974
0.8241
0.7236
0.3116
0.2915
0.4724
1.8191
0.6332
0.3618
0.4221
0.3819
0.8342
1.6884
12.8843
1.0151
20.824
4.2613
58.3112
0.9648
1.0854
0.2714
0.6432
1.8995
10.9447
0.4925
0.402
29.1656
0.402
8.603
4.1708
0.4724
77.1251
2.4422
1.4975
30.2913
3.5176
1.6985
14.4823
22.9144
1.005
0.2714
41.8389
3.9698
0.6734
0.201
34.3616
0.4422
3.2161
1.5578
2.1909
2.8543
0.4422
2.2914
0.4623
0.8945
8.3517
0.2412
1.3266
15.628
2.603
0.7739
0.4623
0.3417
1.1055
2.5527
2.3115
0.3618
0.3618
35.2762
0.7638
1.0754
1.4774
0.6533
1.1256
2.3618
2.9447
0.402
0.2412
0.2915
1.8291
0.2211
0.201
13.7788
25.9395
1.2864
0.7337
0.7035
2.1306
6.0502
2.3819
45.7585
0.6432
21.1657
0.2211
0.8844
0.4623
9.8592
1.4774
0.4724
0.2412
9.2261
7.8492
0.3216
0.7739
4.9648
22.6431
0.2111
17.7285
0.3518
2.0703
3.5779
0.603
0.5226
0.3116
18.1104
2
1.5879
2.7538
0.6633
1.0151
4.4321
1.1055
0.2814
0.5126
1.1759
1.4372
0.2412
3.4975
3.9698
2.0703
3.206
4.8944
4
0.2513
22.9144
1.005
2.804
0.6131
0.3317
1.206
0.8141
44.2912
1.3668
0.2312
0.2814
35.1656
2.2311
1.196
14.6833
4.2914
3.4472
0.7437
1.2563
1.0955
3.9899
3.8291
0.7236
4.1407
0.7136
1.1256
0.7437
0.2412
1.1256
11.7185
0.4824
1.5477
0.6332
1.3568
1.7688
20.2813
2.9146
0.201
0.2111
1.3668
1.0151
15.3868
27.4973
0.3015
14.814
7.8894
3.0151
0.7839
8.8542
1.2261
0.6633
0.2312
0.7136
1.2563
2.0301
1.598
2.8744
10.5828
0.9146
4.7035
0.3518
3.6985
27.6883
0.2814
0.3216
1.809
0.6131
0.201
0.3015
0.4523
0.2814
29.1656
1.0653
4.4422
2.7538
0.6734
1.0854
0.5126
1.1357
1.8492
0.8744
0.4724
1.0251
0.9146
27.1054
2.0603
2.7538
0.3317
0.7136
1.1558
0.2211
0.5628
0.794
0.4523
1.1558
21.7386
0.2613
12.2813
0.7236
0.2211
0.4623
0.5126
1.0754
0.4623
8.4623
0.3216
0.593
0.593
0.6734
0.804
0.8342
1.2362
1.8894
2.0301
1.9899
0.3216
1.4673
3.0251
1.7487
1.0452
38.1304
0.3819
24.633
3.3367
0.3015
1.6181
4.3316
36.3415
0.7638
30.6832
0.2915
0.9447
0.3116
0.8543
39.9696
0.4925
17.7587
2.2613
0.4925
1.6583
15.3466
1.206
1.4975
0.3317
0.2111
2.7437
1.206
4.9949
2.7337
1.3065
0.2412
0.8342
0.6734
0.7839
0.4422
5.0753
0.402
0.2111
0.3719
2.3618
0.5628
22.6129
0.9347
7.5175
0.3417
1.3367
1.1357
2.5829
6.3618
3.1055
3.5276
21.3365
0.2814
0.4422
0.2111
0.3216
1.8392
4.5025
1.0754
0.3015
0.6935
0.3719
0.794
3.3367
0.8241
0.3317
2.2914
0.7035
21.8692
1.1357
0.4121
19.8994
0.9749
0.4623
0.4221
0.3317
0.4422
0.2211
0.201
0.5126
0.603
4.0201
7.7688
1.5879
0.201
0.9045
8.4522
0.995
0.2613
1.2965
4.3919
1.3668
1.0754
2.0703
1.1055
0.3618
0.5126
0.6935
9.0452
3.2563
3.2261
0.6935
0.3719
0.2111
3.1658
1.7387
24.2411
0.2312
3.2864
0.593
5.7487
0.3819
4.2311
2.7136
10.4522
1.9196
0.7437
0.8744
64.3916
0.392
0.9447
0.3015
0.5327
9.8291
1.2764
0.5427
0.201
0.8543
0.6131
2.2412
0.7337
2.1608
0.2211
0.4422
0.2915
0.6935
0.2613
0.7839
2.4221
6.3618
0.3417
0.2111
16.6833
1.5377
0.8442
0.201
0.5628
0.6533
0.5226
13.3869
26.231
0.2312
1.8794
0.7437
0.2915
0.5025
1.3467
0.2915
32.6229
6.5829
0.3317
0.5628
0.3116
28.4722
0.4724
21.5175
5.1959
1.5075
6.2613
2.8844
0.4824
0.3819
0.3015
0.4623
3.1357
0.2312
1.4271
0.4824
0.201
0.2613
0.4623
10.8341
1.2864
1.7588
0.6231
0.3719
1.1357
0.7337
0.794
5.4472
0.6432
0.6734
0.2412
2.7437
3.1256
0.5528
8.3417
0.2915
0.9347
14.7034
26.2913
3.0653
0.5126
1.8894
5.4472
0.2915
0.3116
12.4421
6.9547
4.3919
6.1809
42.3917
0.3015
0.2111
0.2312
0.6734
2.3718
0.5126
0.6834
1.2663
6.7939
0.2312
0.7337
0.5427
0.2111
0.4824
3.7186
0.593
3.1658
0.2613
0.3116
0.7538
1.608
8.1005
0.3719
3.5377
23.5677
5.0753
1.1156
3.8191
10.7437
25.226
0.2211
0.2312
7.0854
1.0452
1.3166
0.5628
1.3065
0.6131
0.2714
0.7839
4.9145
0.6834
0.7638
10.0803
3.4774
0.5427
1.3367
42.2409
0.6131
2.4321
1.2764
1.3367
27.2561
0.3618
0.3216
0.201
44.1002
58.5323
41.8389
2.0603
0.402
6.0603
2.5326
3.3467
4.201
2.804
0.5628
4.603
0.392
0.9749
0.7839
2.6633
1.0452
1.2161
0.8141
2.0402
0.3116
0.5628
0.2312
1.3065
0.8543
1.6281
1.005
26.6028
4.5326
0.2814
22.3114
0.7236
0.2111
0.4322
1.3869
0.7337
0.5829
2.5226
0.9045
1.0251
1.8492
1.3668
0.5427
41.9796
0.3518
0.4925
3.5276
10.0602
1.4774
10.8241
6.0804
0.9648
0.7839
0.9849
0.3417
0.7839
0.3518
8.1206
15.2662
0.3518
1.4171
5.809
0.3417
13.015
0.2111
14.412
0.2111
16.8341
11.5376
1.5075
0.5427
2.211
0.5327
11.8492
0.6935
0.3417
1.0754
0.5126
54.8037
0.8442
15.6381
28.3516
0.5226
6.9547
0.6432
1.6784
25.1858
0.7437
38.7937
0.7337
0.7739
2.2914
0.995
5.4673
0.2513
2.2914
1.0251
0.2613
0.5628
2.2211
0.3317
0.3719
0.9246
0.5729
0.4824
0.794
0.5025
1.0452
0.2211
2.4723
5.0351
0.4221
0.2814
0.3719
0.3116
0.5729
0.6231
0.3819
0.4824
20.9446
9.5376
1.0854
0.5427
0.201
3.1759
1.7588
0.804
0.9648
0.4925
0.9849
2.6633
3.8291
0.2312
0.7236
0.2211
1.8392
42.1203
0.6533
0.3317
0.6432
0.7839
0.6231
1.1558
0.2814
13.9999
0.3216
0.5829
0.2312
0.3015
2.3015
0.3317
3.2563
18.2511
9.0552
0.3618
0.4925
0.2412
0.9749
0.201
1.005
0.3618
1.4271
4.4924
0.4623
0.804
19.6783
0.3015
0.2915
0.3015
0.5327
0.3015
5.2763
0.2814
1.7789
0.8442
6.3819
0.392
2.6633
0.7035
0.3216
1.407
2.3919
0.2814
1.6683
3.4271
0.5025
0.2613
0.201
4.8643
0.7839
0.201
0.7136
2.2512
6.4723
0.4121
3.2261
0.2714
44.5525
1.0151
13.4271
0.201
4.4422
1.0754
0.4523
23.3667
0.2211
0.3216
2.2211
0.9347
0.2814
2.5025
3.0653
31.3365
1.3568
0.3719
0.7638
0.6332
14.9748
0.5528
1.1859
8.2311
0.3015
21.3868
0.2714
2.5628
1.5075
4
0.5729
1.1558
0.2915
0.2915
0.5628
1.7588
1.2362
0.3317
0.6935
2.1105
0.9045
0.9347
0.2814
15.0451
0.8643
7.9798
6.6532
15.7386
0.4422
16.5024
0.9447
0.4322
0.8844
2.7638
9.5577
0.7035
0.8744
1.0754
1.8392
0.6734
1.3367
3.0854
38.6731
0.5427
0.201
5.0251
3.3065
0.7638
10.2512
0.4523
0.6935
3.407
25.3868
24.1205
1.0251
0.5729
0.201
0.3518
0.8744
0.8643
25.6481
4.3919
0.7236
4.4723
0.6131
3.2261
0.5628
0.9246
1.2362
46.8138
0.3819
16.1507
0.4925
8.4824
20.2612
0.7538
1.3467
0.402
0.2513
2.3316
0.2714
0.3417
0.7337
4.402
0.7638
2.0804
5.3366
16.3014
0.392
5.2964
4.5427
1.1859
2.5226
3.6784
1.6784
0.2613
0.7236
6.1105
1.0653
1.5477
1.407
2.5527
0.4724
11.0954
1.0754
20.1104
0.402
0.4322
0.2814
3.1859
0.4322
1.8693
0.8945
0.2211
0.8643
4.814
0.5126
1.3467
0.3417
